0,0,0.05
0,0,0.05
0,0,0.05
0,0,0.05
0,0,0.06
0,0,0.06
0,0,0.06
0,0,0.06
0,0,0.06
0,0,0.06
0,0,0.06
0,0,0.07
0,0,0.07
0,0,0.07
0,0,0.07
0,0,0.07
0,0,0.07
0,0,0.07
0,0,0.08
0,0,0.08
0,0,0.08
0,0,0.08
0,0,0.08
0,0,0.08
0,0,0.08
0,0,0.09
0,0,0.09
0,0,0.09
0,0,0.09
0,0,0.09
0,0,0.09
0,0,0.09
0,0,0.09999999
0,0,0.09999999
0,0,0.09999999
0,0,0.09999999
0,0,0.09999999
0,0,0.09999999
0,0,0.09999999
0,0,0.11
0,0,0.11
0,0,0.11
0,0,0.11
0,0,0.11
0,0,0.11
0,0,0.11
0,0,0.12
0,0,0.12
0,0,0.12
0,0,0.12
0,0,0.12
0,0,0.12
0,0,0.12
0,0,0.13
0,0,0.13
0,0,0.13
0,0,0.13
0,0,0.13
0,0,0.13
0,0,0.13
0,0,0.14
0,0,0.14
0,0,0.14
0,0,0.14
0,0,0.14
0,0,0.14
0,0,0.14
0,0,0.15
0,0,0.15
0,0,0.15
0,0,0.15
0,0,0.15
0,0,0.15
0,0,0.15
0,0,0.16
0,0,0.16
0,0,0.16
0,0,0.16
0,0,0.16
0,0,0.16
0,0,0.16
0,0,0.17
0,0,0.17
0,0,0.17
0,0,0.17
0,0,0.17
0,0,0.17
0,0,0.17
0,0,0.18
0,0,0.18
0,0,0.18
0,0,0.18
0,0,0.18
0,0,0.18
0,0,0.19
0,0,0.19
0,0,0.19
0,0,0.19
0,0,0.19
0,0,0.19
0,0,0.19
0,0,0.2
0,0,0.2
0,0,0.2
0,0,0.2
0.01,0,0.2
0.01,0,0.2
0.01,0,0.2
0.02,0,0.21
0.02,0,0.21
0.03,0,0.21
0.03,0,0.21
0.03,0,0.21
0.03,0.01,0.21
0.04,0.01,0.21
0.04,0.01,0.22
0.05,0.01,0.22
0.05,0.01,0.22
0.05,0.01,0.22
0.05,0.01,0.22
0.06,0.01,0.22
0.06,0.01,0.23
0.07,0.01,0.23
0.07,0.01,0.23
0.07,0.01,0.23
0.07,0.01,0.23
0.08,0.01,0.23
0.08,0.02,0.24
0.09,0.02,0.24
0.09,0.02,0.24
0.09,0.02,0.24
0.09999999,0.02,0.24
0.09999999,0.02,0.24
0.09999999,0.02,0.24
0.11,0.02,0.25
0.11,0.02,0.25
0.12,0.02,0.25
0.12,0.02,0.25
0.12,0.02,0.25
0.12,0.02,0.25
0.13,0.02,0.26
0.13,0.03,0.26
0.14,0.03,0.26
0.14,0.03,0.26
0.14,0.03,0.26
0.14,0.03,0.26
0.15,0.03,0.26
0.15,0.03,0.27
0.16,0.03,0.27
0.16,0.03,0.27
0.16,0.03,0.27
0.16,0.03,0.27
0.17,0.03,0.27
0.17,0.03,0.28
0.18,0.03,0.28
0.18,0.04,0.28
0.18,0.04,0.28
0.19,0.04,0.28
0.19,0.04,0.28
0.19,0.04,0.29
0.2,0.04,0.29
0.2,0.04,0.29
0.21,0.04,0.29
0.21,0.04,0.29
0.21,0.04,0.29
0.21,0.04,0.29
0.22,0.04,0.3
0.22,0.04,0.3
0.23,0.04,0.3
0.23,0.05,0.3
0.23,0.05,0.3
0.23,0.05,0.3
0.24,0.05,0.31
0.24,0.05,0.31
0.25,0.05,0.31
0.25,0.05,0.31
0.25,0.05,0.31
0.25,0.05,0.31
0.26,0.05,0.31
0.26,0.05,0.32
0.27,0.05,0.32
0.27,0.05,0.32
0.27,0.05,0.32
0.28,0.06,0.32
0.28,0.06,0.32
0.28,0.06,0.33
0.29,0.06,0.33
0.29,0.06,0.33
0.3,0.06,0.33
0.3,0.06,0.33
0.3,0.06,0.33
0.3,0.06,0.34
0.31,0.06,0.34
0.31,0.06,0.34
0.32,0.06,0.34
0.32,0.06,0.34
0.32,0.06,0.34
0.32,0.07,0.34
0.33,0.07,0.35
0.33,0.07,0.35
0.34,0.07,0.35
0.34,0.07,0.35
0.34,0.07,0.35
0.34,0.07,0.35
0.35,0.07,0.36
0.35,0.08,0.36
0.35,0.09,0.36
0.34,0.09999999,0.36
0.34,0.09999999,0.36
0.34,0.11,0.36
0.34,0.12,0.36
0.33,0.13,0.36
0.33,0.14,0.36
0.33,0.15,0.36
0.33,0.15,0.36
0.32,0.16,0.36
0.32,0.17,0.36
0.32,0.18,0.36
0.32,0.19,0.36
0.31,0.2,0.36
0.31,0.2,0.36
0.31,0.21,0.36
0.31,0.22,0.36
0.3,0.23,0.36
0.3,0.24,0.36
0.3,0.25,0.36
0.3,0.25,0.36
0.29,0.26,0.36
0.29,0.27,0.36
0.29,0.28,0.36
0.29,0.29,0.36
0.28,0.3,0.36
0.28,0.3,0.36
0.28,0.31,0.36
0.28,0.32,0.36
0.27,0.33,0.36
0.27,0.34,0.37
0.27,0.35,0.37
0.27,0.35,0.37
0.26,0.36,0.37
0.26,0.37,0.37
0.26,0.38,0.37
0.26,0.39,0.37
0.25,0.4,0.37
0.25,0.4,0.37
0.25,0.41,0.37
0.25,0.42,0.37
0.24,0.43,0.37
0.24,0.44,0.37
0.24,0.45,0.37
0.24,0.45,0.37
0.23,0.46,0.37
0.23,0.47,0.37
0.23,0.48,0.37
0.23,0.49,0.37
0.22,0.49,0.37
0.22,0.5,0.37
0.22,0.51,0.37
0.22,0.52,0.37
0.21,0.53,0.37
0.21,0.54,0.37
0.21,0.54,0.37
0.21,0.55,0.37
0.2,0.56,0.37
0.2,0.57,0.37
0.2,0.58,0.37
0.2,0.59,0.37
0.19,0.59,0.37
0.19,0.6,0.38
0.19,0.61,0.38
0.19,0.62,0.38
0.18,0.63,0.38
0.18,0.64,0.38
0.18,0.64,0.38
0.18,0.65,0.38
0.17,0.66,0.38
0.17,0.67,0.38
0.17,0.68,0.38
0.17,0.69,0.38
0.16,0.69,0.38
0.16,0.7,0.38
0.16,0.71,0.38
0.16,0.72,0.38
0.15,0.73,0.38
0.15,0.74,0.38
0.15,0.74,0.38
0.15,0.75,0.38
0.14,0.76,0.38
0.14,0.77,0.38
0.14,0.78,0.38
0.14,0.79,0.38
0.13,0.79,0.38
0.13,0.8,0.38
0.13,0.81,0.38
0.13,0.82,0.38
0.12,0.83,0.38
0.12,0.84,0.38
0.12,0.84,0.38
0.12,0.85,0.38
0.11,0.86,0.38
0.11,0.87,0.39
0.11,0.88,0.39
0.11,0.89,0.39
0.09999999,0.89,0.39
0.09999999,0.9,0.39
